(module single_cell_dual_holder_spring (layer F.Cu) (tedit 5D19221E)
  (fp_text reference REF** (at 35.1 8.9) (layer F.SilkS)
    (effects (font (size 1 1) (thickness 0.15)))
  )
  (fp_text value single_cell_dual_holder_spring (at -1.4 -0.2) (layer F.Fab)
    (effects (font (size 1 1) (thickness 0.15)))
  )
  (fp_line (start -43.6 -6.95) (end -40.6 -6.95) (layer F.SilkS) (width 1))
  (fp_line (start -38.53 -10.345) (end 29.2 -10.345) (layer F.SilkS) (width 0.25))
  (fp_line (start -38.53 -10.345) (end -38.53 -3.555) (layer F.SilkS) (width 0.25))
  (fp_line (start 38.53 -10.345) (end 29.2 -10.345) (layer F.SilkS) (width 0.25))
  (fp_line (start 40.9 -8.95) (end 40.9 -5.95) (layer F.SilkS) (width 1))
  (fp_line (start -38.53 -10.345) (end 38.53 -10.345) (layer F.Fab) (width 0.25))
  (fp_line (start -42.1 -8.45) (end -42.1 -5.45) (layer F.SilkS) (width 1))
  (fp_line (start 38.53 -10.345) (end 38.53 -3.555) (layer F.SilkS) (width 0.25))
  (fp_line (start 38.53 10.345) (end 38.53 3.555) (layer F.SilkS) (width 0.25))
  (fp_line (start 38.53 10.345) (end 29.2 10.345) (layer F.SilkS) (width 0.25))
  (fp_line (start -38.54 10.325) (end -38.54 3.535) (layer F.SilkS) (width 0.25))
  (fp_line (start -38.54 10.33) (end 29.2 10.345) (layer F.SilkS) (width 0.25))
  (fp_text user REF** (at 35 9) (layer F.SilkS)
    (effects (font (size 1 1) (thickness 0.15)))
  )
  (fp_text user SpringHolder (at -0.5 0) (layer F.Fab)
    (effects (font (size 1 1) (thickness 0.15)))
  )
  (fp_line (start 38.53 10.345) (end 38.53 3.555) (layer F.SilkS) (width 0.25))
  (fp_line (start 40.9 -8.95) (end 40.9 -5.95) (layer F.SilkS) (width 1))
  (fp_line (start 38.53 -10.345) (end 38.53 -3.555) (layer F.SilkS) (width 0.25))
  (fp_line (start -43.6 -6.95) (end -40.6 -6.95) (layer F.SilkS) (width 1))
  (fp_line (start -42.1 -8.45) (end -42.1 -5.45) (layer F.SilkS) (width 1))
  (fp_line (start -38.53 -10.345) (end 38.53 -10.345) (layer F.Fab) (width 0.25))
  (fp_line (start -38.54 10.325) (end -38.54 3.535) (layer F.SilkS) (width 0.25))
  (fp_line (start -38.53 -10.345) (end -38.53 -3.555) (layer F.SilkS) (width 0.25))
  (fp_line (start -38.54 10.33) (end 29.2 10.345) (layer F.SilkS) (width 0.25))
  (fp_line (start -38.53 -10.345) (end 29.2 -10.345) (layer F.SilkS) (width 0.25))
  (fp_line (start 38.53 -10.345) (end 29.2 -10.345) (layer F.SilkS) (width 0.25))
  (fp_line (start 38.53 10.345) (end 29.2 10.345) (layer F.SilkS) (width 0.25))
  (fp_poly (pts (xy -33.91 4.19) (xy -33.91 -4.31) (xy 34.59 -4.31) (xy 34.59 4.19)) (layer F.SilkS) (width 0.1))
  (pad 1 smd rect (at -40 -0.01 90) (size 5 8) (layers F.Cu F.Paste F.Mask)
    (zone_connect 1) (thermal_width 3))
  (pad 2 smd rect (at 40.8 0.01 90) (size 5 8) (layers F.Cu F.Paste F.Mask))
  (pad 2 smd rect (at 47.3 0.01 90) (size 5 5) (layers F.Cu F.Paste F.Mask))
  (model ${KIPRJMOD}/keystone-PN5331.STEP
    (offset (xyz -36.3 0 0.2))
    (scale (xyz 1 1 1))
    (rotate (xyz -90 0 180))
  )
  (model ${KIPRJMOD}/keystone-PN5331.STEP
    (offset (xyz 37 0 0.2))
    (scale (xyz 1 1 1))
    (rotate (xyz -90 0 0))
  )
  (model "${KIPRJMOD}/Battery Samsung ICR 18650 -22E.stp"
    (offset (xyz -30 9.5 17.5))
    (scale (xyz 1 1 1))
    (rotate (xyz 0 0 0))
  )
)
